018d2YYIr4 1235000 11 0 21122022
046iAZASpJ 1235000 11 0 21122022
04D255n1G5 1235000 11 0 21122022
0965w84zeb 1235000 11 0 21122022
0I50Y2mPX1 1235000 11 0 21122022
0K1VbBGwYZ 1235000 11 0 21122022
0P0P5HhFIa 1235000 11 0 21122022
0Z1vaQC61J 1235000 11 0 21122022
0sr2X00Yei 1235000 11 0 21122022
11GUnH1Lhk 1235000 11 0 21122022
12xuBye1oH 1235000 11 0 21122022
155Gxq73zE 1235000 11 0 21122022
16Tj531w7w 1235000 11 0 21122022
191VG4746z 1235000 11 0 21122022
1EGMtKLaUj 1235000 11 0 21122022
1P04c93iro 1235000 11 0 21122022
1XNZ5i13AL 1235000 11 0 21122022
1Yr4Ro92zX 1235000 11 0 21122022
1i559uKmkS 1235000 11 0 21122022
1k63lG1PYK 1235000 11 0 21122022
1vD1ELG3yf 1235000 11 0 21122022
1w6A4kg2Ot 1235000 11 0 21122022
1x4k2u03bm 1235000 11 0 21122022
23eBOcr67N 1235000 11 0 21122022
24nAaPFhjq 1235000 11 0 21122022
250J1pIE17 1235000 11 0 21122022
266Is143vy 1235000 11 0 21122022
29nXpg3v6n 1235000 11 0 21122022
2Csh5d7z2t 1235000 11 0 21122022
2HeJkaUDNQ 1235000 11 0 21122022
2PaXWMExii 1235000 11 0 21122022
2W7IFYUS5p 1235000 11 0 21122022
2ZU5Jh6001 1235000 11 0 21122022
2afloxgD82 1235000 11 0 21122022
2dVLjFIxYB 1235000 11 0 21122022
2gJcO09Ws9 1235000 11 0 21122022
2quLc318zm 1235000 11 0 21122022
2s9A6C9242 1235000 11 0 21122022
2tpEZ4Qs4n 1235000 11 0 21122022
301ZeFpY3S 1235000 11 0 21122022
31ikhL9f3F 1235000 11 0 21122022
3258ZP3f55 1235000 11 0 21122022
32FOnbd4WF 1235000 11 0 21122022
333MGZlWTv 1235000 11 0 21122022
341k4OqT1H 1235000 11 0 21122022
34Fqm5Z52q 1235000 11 0 21122022
34M4yJSSDx 1235000 11 0 21122022
34jNFYb972 1235000 11 0 21122022
35Vi07zsGs 1235000 11 0 21122022
36Qz0250m1 1235000 11 0 21122022
36p4kPK1pJ 1235000 11 0 21122022
37oE1oceUe 1235000 11 0 21122022
37qY109f8E 1235000 11 0 21122022
39d0s8FK7C 1235000 11 0 21122022
39s3xt3j7u 1235000 11 0 21122022
3GcDjS42B0 1235000 11 0 21122022
3JZ4ibZYnA 1235000 11 0 21122022
3RUD4x3gXA 1235000 11 0 21122022
3RrHCx35fK 1235000 11 0 21122022
3VJr5I7gv4 1235000 11 0 21122022
3bRVbd97f5 1235000 11 0 21122022
3g07Z1KWnu 1235000 11 0 21122022
3ispNXaM1D 1235000 11 0 21122022
3j79n2f52e 1235000 11 0 21122022
3pUT23790O 1235000 11 0 21122022
3r4zYQZnjR 1235000 11 0 21122022
3zFd79Dx89 1235000 11 0 21122022
415fvd2TM2 1235000 11 0 21122022
42RFY6xMBZ 1235000 11 0 21122022
44GE0B1Ajl 1235000 11 0 21122022
45Wk421aAV 1235000 11 0 21122022
46X05h8aP4 1235000 11 0 21122022
4894fvd54f 1235000 11 0 21122022
48e8fr4H5e 1235000 11 0 21122022
4A3EKRuj65 1235000 11 0 21122022
4B23iD8M7l 1235000 11 0 21122022
4Ek9V098Jc 1235000 11 0 21122022
4G815f5Tux 1235000 11 0 21122022
4ZItN5EFNn 1235000 11 0 21122022
4aWxBeRvAH 1235000 11 0 21122022
4axm2Lwd4l 1235000 11 0 21122022
4b78Uu9zie 1235000 11 0 21122022
4bXFb781JT 1235000 11 0 21122022
4fCSs9kGt5 1235000 11 0 21122022
4iCAI8NMj7 1235000 11 0 21122022
4t7NDS2D62 1235000 11 0 21122022
4u0LUUd4X3 1235000 11 0 21122022
4wc07cdOSc 1235000 11 0 21122022
50Q5J5q4y1 1235000 11 0 21122022
55n7IH92zm 1235000 11 0 21122022
57HnhB33ga 1235000 11 0 21122022
57y4lsReA4 1235000 11 0 21122022
59wyWbZk5K 1235000 11 0 21122022
5ANzhZdcGK 1235000 11 0 21122022
5DmPWfYTTV 1235000 11 0 21122022
5HFld36Zs2 1235000 11 0 21122022
5PVyA3koT6 1235000 11 0 21122022
5iRfboTDR5 1235000 11 0 21122022
5qmHz0w2oz 1235000 11 0 21122022
5sd81Dv3vC 1235000 11 0 21122022
5uMfQyXC6B 1235000 11 0 21122022
5uutwf6xLC 1235000 11 0 21122022
5wJ9VpshUu 1235000 11 0 21122022
5ykKT7VxQK 1235000 11 0 21122022
641vkJ3J4c 1235000 11 0 21122022
68uyKzJhW7 1235000 11 0 21122022
69F1y54IRE 1235000 11 0 21122022
6IyqsER31L 1235000 11 0 21122022
6JDabAcySq 1235000 11 0 21122022
6O4l00Z13X 1235000 11 0 21122022
6RX50EWna9 1235000 11 0 21122022
6VBhHzn2F0 1235000 11 0 21122022
6bJ5O2VZB9 1235000 11 0 21122022
6gShO6cQOP 1235000 11 0 21122022
6mUsalWW9j 1235000 11 0 21122022
6qI65PI3Ct 1235000 11 0 21122022
6t0V17767z 1235000 11 0 21122022
716JoI35Dw 1235000 11 0 21122022
72L0zsG0c1 1235000 11 0 21122022
7324xpGMa8 1235000 11 0 21122022
73HL5o4UVu 1235000 11 0 21122022
74z2ONpHYp 1235000 11 0 21122022
782puGe3qT 1235000 11 0 21122022
7ZUZVmrDGI 1235000 11 0 21122022
7k9EkUNBBx 1235000 11 0 21122022
7m0i79Uz29 1235000 11 0 21122022
7mtZc6eKsC 1235000 11 0 21122022
7pjNKH4wC0 1235000 11 0 21122022
80990PIY0R 1235000 11 0 21122022
8288jH34f8 1235000 11 0 21122022
83ufE25Ti4 1235000 11 0 21122022
84J89D2F4I 1235000 11 0 21122022
87ucJ2Mi2f 1235000 11 0 21122022
88GTRuV4ox 1235000 11 0 21122022
8JJbZf7953 1235000 11 0 21122022
8NRpjKgI7n 1235000 11 0 21122022
8OfdtND0dQ 1235000 11 0 21122022
8R1s3mKokW 1235000 11 0 21122022
8RA49vYk45 1235000 11 0 21122022
8WzfDB825N 1235000 11 0 21122022
8X39dLP38v 1235000 11 0 21122022
8YrVm2i74z 1235000 11 0 21122022
8YwVA0c1oz 1235000 11 0 21122022
8l1G43U5sh 1235000 11 0 21122022
8zg23c50Kh 1235000 11 0 21122022
92DvI4RT57 1235000 11 0 21122022
92VBiJzJSX 1235000 11 0 21122022
92oz1n670y 1235000 11 0 21122022
95H1ukF3Oh 1235000 11 0 21122022
99xdVn2lw2 1235000 11 0 21122022
9X4w2EbhZ7 1235000 11 0 21122022
9kKWn1rmUV 1235000 11 0 21122022
9mDB5U080b 1235000 11 0 21122022
9oug14659D 1235000 11 0 21122022
9rYo5Qs71d 1235000 11 0 21122022
9u90hMx3Bo 1235000 11 0 21122022
9z0C1iCtGR 1235000 11 0 21122022
A13fkl7cCW 1235000 11 0 21122022
A1Lo0vu99H 1235000 11 0 21122022
A629U4bw2T 1235000 11 0 21122022
A81onO4G51 1235000 11 0 21122022
ACyOpvak31 1235000 11 0 21122022
AV1Nt602fQ 1235000 11 0 21122022
AqUSG5skb5 1235000 11 0 21122022
B18lHW28s6 1235000 11 0 21122022
BH08igLTtG 1235000 11 0 21122022
BOfJcZtLPU 1235000 11 0 21122022
BUB9Lbq7h3 1235000 11 0 21122022
BXU73qKuB6 1235000 11 0 21122022
Beolz461Q5 1235000 11 0 21122022
Bg4r5QY1T2 1235000 11 0 21122022
Bix5Dm7l3S 1235000 11 0 21122022
C1MZYHyH72 1235000 11 0 21122022
C1sIa2z4HU 1235000 11 0 21122022
C2NvV6A14a 1235000 11 0 21122022
CHq4jioHJb 1235000 11 0 21122022
CpnCDis5Ip 1235000 11 0 21122022
Ctnh1r9uue 1235000 11 0 21122022
D02IF1Yw6w 1235000 11 0 21122022
D15OCnG6ld 1235000 11 0 21122022
DK15XT7olj 1235000 11 0 21122022
DYlNm03d03 1235000 11 0 21122022
Dke6E3XqFA 1235000 11 0 21122022
DoYbYuin1A 1235000 11 0 21122022
Dvx0wsGWwz 1235000 11 0 21122022
DxY1T9jQ9x 1235000 11 0 21122022
E11dnr1lLK 1235000 11 0 21122022
E3S29dK3AL 1235000 11 0 21122022
EERWK44Gva 1235000 11 0 21122022
EPgOq727BR 1235000 11 0 21122022
EqCPn4KWAA 1235000 11 0 21122022
F8bCjO5n4p 1235000 11 0 21122022
FEb7BKSJL2 1235000 11 0 21122022
FLl5H6Y02D 1235000 11 0 21122022
FT4dD03hbx 1235000 11 0 21122022
FXY76tnyI5 1235000 11 0 21122022
Fe4EyR0SHL 1235000 11 0 21122022
Fh7xPRt82g 1235000 11 0 21122022
FuRV6KhD1j 1235000 11 0 21122022
FvgA8f3h0m 1235000 11 0 21122022
G2EzjWZcvT 1235000 11 0 21122022
G8TcqL0Dh6 1235000 11 0 21122022
GDIplDiWf8 1235000 11 0 21122022
GMT1kE6ljI 1235000 11 0 21122022
Gg8itl03pS 1235000 11 0 21122022
Gt4pRLVL1W 1235000 11 0 21122022
H1316pD7FI 1235000 11 0 21122022
H19Y2469E9 1235000 11 0 21122022
H3U14GmLeJ 1235000 11 0 21122022
H47B91JcPr 1235000 11 0 21122022
H5F52Hq735 1235000 11 0 21122022
H5Vn44R24n 1235000 11 0 21122022
HMYftXvhj5 1235000 11 0 21122022
HNLXSojq4z 1235000 11 0 21122022
HcKzizFR11 1235000 11 0 21122022
HgIyuxHu7s 1235000 11 0 21122022
HhLhv7HOS8 1235000 11 0 21122022
Hr49IcFSKN 1235000 11 0 21122022
I30vWD489s 1235000 11 0 21122022
I5582Hhjx9 1235000 11 0 21122022
I6NaHoFK2x 1235000 11 0 21122022
I70UAzbYyo 1235000 11 0 21122022
IB5FM24EO2 1235000 11 0 21122022
IPQcrnS9Ay 1235000 11 0 21122022
IVBd14bJPo 1235000 11 0 21122022
IX8U4F25M2 1235000 11 0 21122022
Ixd5ropGX4 1235000 11 0 21122022
J6o3SuZrhN 1235000 11 0 21122022
JJdysuE5n9 1235000 11 0 21122022
JP0Pn424FT 1235000 11 0 21122022
JQQ9KvPkyj 1235000 11 0 21122022
JT4YnYc5yz 1235000 11 0 21122022
JTcxboYulF 1235000 11 0 21122022
Jq89XYAjTo 1235000 11 0 21122022
K18S3aC4HV 1235000 11 0 21122022
K2nQBLuoHZ 1235000 11 0 21122022
K4GhytX4IO 1235000 11 0 21122022
KA31sleHP2 1235000 11 0 21122022
Kfnj5Rdm1E 1235000 11 0 21122022
Kny6B2lubg 1235000 11 0 21122022
L5Lmy7mT4b 1235000 11 0 21122022
LB5489Tci4 1235000 11 0 21122022
LBVtT3Zb0b 1235000 11 0 21122022
LD19Wb2Ay5 1235000 11 0 21122022
LP0S21d4fd 1235000 11 0 21122022
LjXbv5Y2yW 1235000 11 0 21122022
LyFPZ53OF5 1235000 11 0 21122022
M30n25S4Y8 1235000 11 0 21122022
M7OsL55FSj 1235000 11 0 21122022
MHHO4DHF1b 1235000 11 0 21122022
MZx3p4xxht 1235000 11 0 21122022
MiyC92qixl 1235000 11 0 21122022
MjM3inz0SM 1235000 11 0 21122022
Mxrm6gQ7Yc 1235000 11 0 21122022
N8KMBGYKcf 1235000 11 0 21122022
NB1kb3wg3w 1235000 11 0 21122022
NkUda539m3 1235000 11 0 21122022
NuA3oP9ubP 1235000 11 0 21122022
O92cZzAVl4 1235000 11 0 21122022
OK0rdwOUqe 1235000 11 0 21122022
OMY5840GH5 1235000 11 0 21122022
OT8i4z1M62 1235000 11 0 21122022
P3C0JIE07l 1235000 11 0 21122022
P41jj5R2r3 1235000 11 0 21122022
P4s9EpG2DH 1235000 11 0 21122022
P95Zd8Ki2n 1235000 11 0 21122022
PA4gDM43J4 1235000 11 0 21122022
PF7EI10rTo 1235000 11 0 21122022
PI10Ku2e6n 1235000 11 0 21122022
PLAUDLRssK 1235000 11 0 21122022
PbXnyphq4P 1235000 11 0 21122022
PuyCo7Ef4q 1235000 11 0 21122022
Q8XUn79lM3 1235000 11 0 21122022
QYW08sdmyT 1235000 11 0 21122022
Qi6PzOZ58e 1235000 11 0 21122022
Qj4t3hBZDg 1235000 11 0 21122022
R40d3qDO5H 1235000 11 0 21122022
R4QS0G35wh 1235000 11 0 21122022
RR7By2Wr5M 1235000 11 0 21122022
RsV22Uc5P4 1235000 11 0 21122022
S13fVTUG26 1235000 11 0 21122022
S1Y94aGJFH 1235000 11 0 21122022
S2R6L1785S 1235000 11 0 21122022
S7Q1HgaYKL 1235000 11 0 21122022
S92arfHsNZ 1235000 11 0 21122022
SHgOI442jT 1235000 11 0 21122022
SU2wr4k5be 1235000 11 0 21122022
So56aGXUo6 1235000 11 0 21122022
SvE4CVm07h 1235000 11 0 21122022
Sww2sHYsTo 1235000 11 0 21122022
T4mkEf1s6o 1235000 11 0 21122022
T51mic5TyO 1235000 11 0 21122022
T8445230yB 1235000 11 0 21122022
TE5wyu7Kn2 1235000 11 0 21122022
TJF1Sd6oNJ 1235000 11 0 21122022
TKfBYWbQGH 1235000 11 0 21122022
Tgzi7530rJ 1235000 11 0 21122022
TnoLvh7wqa 1235000 11 0 21122022
U2VJW2FBRt 1235000 11 0 21122022
UGR204JXWh 1235000 11 0 21122022
Uj4pM418Bs 1235000 11 0 21122022
Uj8Cg39rSL 1235000 11 0 21122022
Us5uigmv4v 1235000 11 0 21122022
Uv3I6Vx02R 1235000 11 0 21122022
V0O03ZgAjv 1235000 11 0 21122022
VE36I3mp3w 1235000 11 0 21122022
VduOXw1w3e 1235000 11 0 21122022
VrdC3TaM01 1235000 11 0 21122022
W1TN0h5ii2 1235000 11 0 21122022
W2PMd1X3eV 1235000 11 0 21122022
W53NdPIS5n 1235000 11 0 21122022
W5sJbln1Lq 1235000 11 0 21122022
W60ashvjB0 1235000 11 0 21122022
W7113v0dus 1235000 11 0 21122022
W8622M4xZ3 1235000 11 0 21122022
WP9xjy8bvx 1235000 11 0 21122022
X47kvZ0kL1 1235000 11 0 21122022
XPRaST1239 1235000 11 0 21122022
XZ3x4ho2Yg 1235000 11 0 21122022
XrqoT574u9 1235000 11 0 21122022
Y12nGY3GxS 1235000 11 0 21122022
Y4nupGdGPQ 1235000 11 0 21122022
YDtKA04FQH 1235000 11 0 21122022
YJLnnk00Gr 1235000 11 0 21122022
YKIR0F75RF 1235000 11 0 21122022
YzAL6cafhi 1235000 11 0 21122022
Z55Zzu39H3 1235000 11 0 21122022
ZPe9W41F0t 1235000 11 0 21122022
Ze5UJH2110 1235000 11 0 21122022
ZfhOK28ErQ 1235000 11 0 21122022
ZiskKs2e4f 1235000 11 0 21122022
a094CuzRX1 1235000 11 0 21122022
aHZRn1wc8s 1235000 11 0 21122022
aR53Y8ppam 1235000 11 0 21122022
aatcPDDNK8 1235000 11 0 21122022
aelzQ5G4SH 1235000 11 0 21122022
aj7T2H22Eo 1235000 11 0 21122022
ax0o0cM02h 1235000 11 0 21122022
b0i3S2p361 1235000 11 0 21122022
b2TQ2YWSk7 1235000 11 0 21122022
b2jVcqc7qh 1235000 11 0 21122022
b4EmG2KaNO 1235000 11 0 21122022
b528252Ld7 1235000 11 0 21122022
bF634J39hI 1235000 11 0 21122022
beFj5c7h15 1235000 11 0 21122022
bwKCS12wLs 1235000 11 0 21122022
c0Xx6eyFOg 1235000 11 0 21122022
c0w41Pp4OU 1235000 11 0 21122022
cj567z6q5k 1235000 11 0 21122022
cn5Ll14d95 1235000 11 0 21122022
cnQLv3Q43h 1235000 11 0 21122022
d3dI42slmJ 1235000 11 0 21122022
d45zpL572d 1235000 11 0 21122022
d7P5pSp6Be 1235000 11 0 21122022
dH3fvSzGcy 1235000 11 0 21122022
dOLt6E1arP 1235000 11 0 21122022
df8UHSgV6t 1235000 11 0 21122022
dneIVH363Q 1235000 11 0 21122022
e243Z2RiEq 1235000 11 0 21122022
eCaecB74MB 1235000 11 0 21122022
edr2hY1LKA 1235000 11 0 21122022
ehD900l8Gp 1235000 11 0 21122022
f029peS6nA 1235000 11 0 21122022
f615K5fly2 1235000 11 0 21122022
fVN9I3lz1s 1235000 11 0 21122022
fWLgoz19TI 1235000 11 0 21122022
frR233inm6 1235000 11 0 21122022
g1h9QmxH85 1235000 11 0 21122022
g1q96ySoVQ 1235000 11 0 21122022
g470joXdH9 1235000 11 0 21122022
gS722z7q0k 1235000 11 0 21122022
ggkXuh8M00 1235000 11 0 21122022
gp56xPltfM 1235000 11 0 21122022
gv0uL3yYdS 1235000 11 0 21122022
h2yZ6m2aID 1235000 11 0 21122022
h3ts06N11o 1235000 11 0 21122022
h65wt1cJni 1235000 11 0 21122022
hB17ElF2Ml 1235000 11 0 21122022
hDXd2dkBMw 1235000 11 0 21122022
hIFLrRdfls 1235000 11 0 21122022
hcA5TFzUV6 1235000 11 0 21122022
hm69X07jla 1235000 11 0 21122022
i1okGe1p6R 1235000 11 0 21122022
i4NRxH89KP 1235000 11 0 21122022
iBhv0ulV6r 1235000 11 0 21122022
iBs3k1uDeD 1235000 11 0 21122022
iGs1NVfzOh 1235000 11 0 21122022
iNazno9wpd 1235000 11 0 21122022
iQ0uUie12D 1235000 11 0 21122022
itJTk6f071 1235000 11 0 21122022
j2w5f7fDZL 1235000 11 0 21122022
j8nfBMfxeS 1235000 11 0 21122022
j9sr9BQ1L3 1235000 11 0 21122022
jF03sz4b6E 1235000 11 0 21122022
jTSI450gL5 1235000 11 0 21122022
jpY7EAl1DW 1235000 11 0 21122022
jqVk7qJjei 1235000 11 0 21122022
jxa20OkGe3 1235000 11 0 21122022
k25QWRjVz1 1235000 11 0 21122022
kD0WDy5EY8 1235000 11 0 21122022
kFkREO6Omn 1235000 11 0 21122022
kIqV3q0eIJ 1235000 11 0 21122022
kLrB12L6Hc 1235000 11 0 21122022
kZbt1o8vs7 1235000 11 0 21122022
keUKrD37Ed 1235000 11 0 21122022
krl0DMNILu 1235000 11 0 21122022
l1J0NG1nVw 1235000 11 0 21122022
l79Ao4Y1HD 1235000 11 0 21122022
lBuV5jQ04w 1235000 11 0 21122022
lCcdJV8ja8 1235000 11 0 21122022
lI5nKyc0j6 1235000 11 0 21122022
lJx9bJzdfb 1235000 11 0 21122022
lKqUYh852u 1235000 11 0 21122022
lxvM1QjwBw 1235000 11 0 21122022
m8hS400OR0 1235000 11 0 21122022
mM549KiF0v 1235000 11 0 21122022
mZUZ1D5nIr 1235000 11 0 21122022
maI1G55rhG 1235000 11 0 21122022
mfbTd347H1 1235000 11 0 21122022
n9tJxZpyJw 1235000 11 0 21122022
nA5s58X39S 1235000 11 0 21122022
nNUxrJmtw3 1235000 11 0 21122022
nREK1xFUMY 1235000 11 0 21122022
nkfgKBiABZ 1235000 11 0 21122022
nv9ljU60DJ 1235000 11 0 21122022
o0Ugj4nFpx 1235000 11 0 21122022
o43J147dsr 1235000 11 0 21122022
oA5cJnqBC2 1235000 11 0 21122022
oApL3wX0SE 1235000 11 0 21122022
oNxq0Tk3k0 1235000 11 0 21122022
oT33xfLXQ2 1235000 11 0 21122022
oeFYK30fvC 1235000 11 0 21122022
onDJdn7XOO 1235000 11 0 21122022
oz9cM5kVGm 1235000 11 0 21122022
p2n3uF22y5 1235000 11 0 21122022
p6JgEcJyd2 1235000 11 0 21122022
pc7YqK4V6x 1235000 11 0 21122022
px1iuGBkoj 1235000 11 0 21122022
q1f63CZs3D 1235000 11 0 21122022
q49c7hV5We 1235000 11 0 21122022
q6C4RkQHZi 1235000 11 0 21122022
q87LLl8743 1235000 11 0 21122022
qI7ykWBll2 1235000 11 0 21122022
qS5053413d 1235000 11 0 21122022
qSjpneKu2A 1235000 11 0 21122022
qe6SK93MP1 1235000 11 0 21122022
qnQvZaZXY5 1235000 11 0 21122022
r29SOv2gMh 1235000 11 0 21122022
rO3K3TPk1I 1235000 11 0 21122022
rXaccQj3Sa 1235000 11 0 21122022
rZ1yUHedL2 1235000 11 0 21122022
rjl0c4uqLm 1235000 11 0 21122022
rxRFTJ0v2t 1235000 11 0 21122022
s50B7L3bVl 1235000 11 0 21122022
sKNTfHKHDr 1235000 11 0 21122022
snzNV9A49n 1235000 11 0 21122022
sz2tLcL4yx 1235000 11 0 21122022
t04NVAUmFc 1235000 11 0 21122022
t5qUkK0M1Q 1235000 11 0 21122022
t6u71d4y4m 1235000 11 0 21122022
tPw84oM3g3 1235000 11 0 21122022
tR24zM3IMK 1235000 11 0 21122022
tVaGsqL3a3 1235000 11 0 21122022
tVvQ20573U 1235000 11 0 21122022
u0MJk0nC14 1235000 11 0 21122022
u3U01jyYF5 1235000 11 0 21122022
uCC6qe45LU 1235000 11 0 21122022
uOhV37MGIx 1235000 11 0 21122022
vL4Cf4m6gZ 1235000 11 0 21122022
ve35peejpD 1235000 11 0 21122022
veNL8x8pjd 1235000 11 0 21122022
vq6b7iP2rn 1235000 11 0 21122022
w8Bm33Ug5l 1235000 11 0 21122022
w9g7mbAlFc 1235000 11 0 21122022
wT2z04080O 1235000 11 0 21122022
wUm8rmWigR 1235000 11 0 21122022
wjVfSK4rDC 1235000 11 0 21122022
wp1ohVI0jR 1235000 11 0 21122022
x0DrEVuaxk 1235000 11 0 21122022
x1XAUa9P3h 1235000 11 0 21122022
x930VxeFhR 1235000 11 0 21122022
x9wpx57COG 1235000 11 0 21122022
xCfCFSSBAv 1235000 11 0 21122022
xRhKAm26Y3 1235000 11 0 21122022
xiY2nd0a64 1235000 11 0 21122022
y0ddhdDM13 1235000 11 0 21122022
y1mb7a3Iiq 1235000 11 0 21122022
y2e42rZJlT 1235000 11 0 21122022
y3DnaNHUqU 1235000 11 0 21122022
y62MM52ULe 1235000 11 0 21122022
yB1q44zlAa 1235000 11 0 21122022
ycF585qIPR 1235000 11 0 21122022
ypIDv11k8G 1235000 11 0 21122022
yytTn4gHbN 1235000 11 0 21122022
z5dBtyvqCg 1235000 11 0 21122022
zSL8FnxDP2 1235000 11 0 21122022
zSOR4wkSD5 1235000 11 0 21122022
zdG2PKJc8G 1235000 11 0 21122022
zj9Lg2ncgO 1235000 11 0 21122022
zoy0OHQiOx 1235000 11 0 21122022
